70.0 1.0 4.0 130.0 322.0 0.0 2.0 109.0 0.0 2.4 2.0 3.0 3.0 2
67.0 0.0 3.0 115.0 564.0 0.0 2.0 160.0 0.0 1.6 2.0 0.0 7.0 1
57.0 1.0 2.0 124.0 261.0 0.0 0.0 141.0 0.0 0.3 1.0 0.0 7.0 2
64.0 1.0 4.0 128.0 263.0 0.0 0.0 105.0 1.0 0.2 2.0 1.0 7.0 1
74.0 0.0 2.0 120.0 269.0 0.0 2.0 121.0 1.0 0.2 1.0 1.0 3.0 1
65.0 1.0 4.0 120.0 177.0 0.0 0.0 140.0 0.0 0.4 1.0 0.0 7.0 1
56.0 1.0 3.0 130.0 256.0 1.0 2.0 142.0 1.0 0.6 2.0 1.0 6.0 2
59.0 1.0 4.0 110.0 239.0 0.0 2.0 142.0 1.0 1.2 2.0 1.0 7.0 2
60.0 1.0 4.0 140.0 293.0 0.0 2.0 170.0 0.0 1.2 2.0 2.0 7.0 2
63.0 0.0 4.0 150.0 407.0 0.0 2.0 154.0 0.0 4.0 2.0 3.0 7.0 2
59.0 1.0 4.0 135.0 234.0 0.0 0.0 161.0 0.0 0.5 2.0 0.0 7.0 1
53.0 1.0 4.0 142.0 226.0 0.0 2.0 111.0 1.0 0.0 1.0 0.0 7.0 1
44.0 1.0 3.0 140.0 235.0 0.0 2.0 180.0 0.0 0.0 1.0 0.0 3.0 1
61.0 1.0 1.0 134.0 234.0 0.0 0.0 145.0 0.0 2.6 2.0 2.0 3.0 2
57.0 0.0 4.0 128.0 303.0 0.0 2.0 159.0 0.0 0.0 1.0 1.0 3.0 1
71.0 0.0 4.0 112.0 149.0 0.0 0.0 125.0 0.0 1.6 2.0 0.0 3.0 1
46.0 1.0 4.0 140.0 311.0 0.0 0.0 120.0 1.0 1.8 2.0 2.0 7.0 2
53.0 1.0 4.0 140.0 203.0 1.0 2.0 155.0 1.0 3.1 3.0 0.0 7.0 2
64.0 1.0 1.0 110.0 211.0 0.0 2.0 144.0 1.0 1.8 2.0 0.0 3.0 1
40.0 1.0 1.0 140.0 199.0 0.0 0.0 178.0 1.0 1.4 1.0 0.0 7.0 1
67.0 1.0 4.0 120.0 229.0 0.0 2.0 129.0 1.0 2.6 2.0 2.0 7.0 2
48.0 1.0 2.0 130.0 245.0 0.0 2.0 180.0 0.0 0.2 2.0 0.0 3.0 1
43.0 1.0 4.0 115.0 303.0 0.0 0.0 181.0 0.0 1.2 2.0 0.0 3.0 1
47.0 1.0 4.0 112.0 204.0 0.0 0.0 143.0 0.0 0.1 1.0 0.0 3.0 1